30001026002
30402026002
30410001002
40001014002
40001014003
40001014004
40001014006
40001014007
40001014009
40001014012
40001014013
40001014015
40001014016
40001014018
40001014020
40001014023
40001015002
40001015005
40014003001
40014004001
40014007001
40014023001
40014026001
40014030001
40014031001
40101001002
40501004002
40501004004
80102101002
10110001002
10110002002
10110003002
10110004002
10110005001
10210001002
10210001003
10311001002
10311001004
10311001006
10311001008
10402002002
10402002004
10402002006
10402004002
10402004004
10402004006
10502002002
10502002004
10502006002
10502007002
10502010001
10502010003
10602003002
10602003004
10610007002
10610010001
10610015001
10610020001
10610025001
10610030001
10610035001
10402007001
30501023002
80402308004
90601320002
40014005001
40014006001
40014008002
60002032002
60002032004
60002032006
60402007002
90101008002
80402015002
80402015004
80302310002
80302310004
80302312001
80302312002
80402304004
10402603002
10402604001
10402606002
90401311002
90401311004
90401311006
90401314002
